2690893496
3371944522
118353567
2855310938
775517580
77821546
3203060591
2634380537
775799486
252632402
276161570
2468795839
1631560129
777633166
2943376131
3982196496
3254138127
3486020255
694771719
1788660385
1040947632
2953717068
2647286267
387964894
32823890
24687421
2491883522
3516401675
3243047394
3179216385
830735837
78150429
3249823982
3474165959
1932348791
2490758340
616180874
2324008948
388147804
1104408370
521161464
3382932207
2867913147
759757301
931275791
4042859726
3626596873
1107104792
2054525781
3526162526
721770425
2217265661
13544678
3392024392
2464485055
2636833316
2924800031
3183180452
2252012056
3928694803
70536266
393896985
267453646
2934922814
3334681006
3681027727
2575861351
2810024124
3238009095
2763096131
113173755
2868655873
2790343144
3325821271
91395571
1755159260
3649775980
3888507336
2.2007E+12
1784993568
3102338060
73362744
3711144062
3389668477
2833872436
201019214
2584348502
812875292
60363165
35443071
3296588695
3094856003
2592247793
17012414
53000265
271476285
2835740116
354406253
3085998803
217101303
1839002627
2928501397
2564660119
175034135
3875749745
127168973
33202900
1035246228
1768493337
2692004770
847929682
3182362560
3013406773
739250654
2330004063
772224111
1093704548
422348080
11193255
928352342
2622843127
1900464429
4097299953
1729002259
1736558950
1879756414
3245236843
2504074605
770856472
3011358405
3175252595
2226241138
2234651355
1824236406
506044139
1877246077
3113645015
2605193237
3431047172
2820853557
373868496
3066821384
1073563604
2914096567
3849072290
3359975345
3827567425
2219605127
1872921072
2344413619
132079640
3313869525
645181641
1902289213
881794324
626230892
2254675600
2855793374
377799430
373343249
1075939617
82595719
90064212
794115300
23660720
3251809801
3052505346
3070138646
821854623
388030906
55743072
417023900
1115571072
805700442
916840750
2433111830
4154462179
672508145
2147348907
2780297562
395157240
409966559
3087157973
1825186830
4046275641
2480331187
3039586174
2953455678
1051011293
1665920571
1900952577
2710831237
37748837
508112109
201293106
3082162350
3636470873
2607122697
2427924982
3596336659
3299808534
1799434871
198631722
3975411448
765867369
2937759974
1987612606
2177969826
62505018
3334356681
1050112956
21955645
2885155312
3011277178
142260952
2933819883
827266299
2828450027
3105048255
37058583
2860127239
793750809
4066354282
1026069410
413154319
76401375
760138416
2731314416
2936375761
2645215035
2537155191
927694817
1741439252
1759494485
130033943
3100718140
101138172
68682853
2364971130
132578376
2037040441
699033653
2155022199
20794188
39453
49296464
76835398
76486879
408461189
2380416887
554848146
63053932
2817498886
922847854
3332776199
3971806285
2944426933
887627848
2808020002
889120098
900275369
735383594
3250016557
931143433
686925109
2516851728
2714274591
2910089806
2903352952
729327504
3156079333
3012649072
714688689
100881499
180163090
2967004593
666795077
1873305646
2280937419
3026479409
2704829874
1782104935
2177632147
63939563
2178635711
1682312095
752999753
789423716
325794457
3340406020
3307528204
681893817
2743642633
2834715320
1043060332
3313146167
3192197142
2892095529
4010346811
118639370
3208724922
1031765836
3598305770
919786761
1967400276
33663131
34168857
96903331
552053394
2972314787
790215623
2751708247
2681526769
1900328854
248089287
2225862176
1835215893
665714406
895881983
3331534464
2677356193
97406063
2734547339
2114702289
74748371
2014455299
3874886832
450924339
417890080
881581023
754702116
2195017288
74125674
4155282093
1072507124
1737099661
3171510589
99826510
2776048856
2271766305
420806631
2194800481
4018897255
4018898043
2171810884
1127699430
3999382119
367880187
1922505774
3407766012
2326231576
3052983988
1772463860
2083581051
362981464
2236504853
42253952
3408603270
2589668373
838124267
415757743
3247007520
28385649
2981926292
2932629894
3169741105
867488774
1778300710
723460593
508068095
524235451
2812132918
1600086917
2736130012
2916494043
3882790301
2987436610
1915009112
2532834420
1658631418
3015222546
2860045409
1875218256
817022069
3366930982
2260152888
3710827995
2447892552
749901026
673379166
1022433859
3324031992
3081660800
397259828
3931900141
1078791937
2528527023
2955855636
1114322414
3357804996
2245023352
2664299338
496473689
2104907341
289176705
3015372867
341932424
1832800482
2054983337
3926778788
3432790381
2761752530
748313429
1045576147
1041384386
1022052827
3938411336
3130756524
57716784
3932153440
3339896796
598770382
2965597532
1678816247
1912286466
3927348881
220047092
2914427863
3520994358
2620545230
3366683731
816240446
333717085
3356211876
185252166
3064758333
3240207282
2939103568
3086017187
176794297
3050810708
3251103716
2580936618
911642703
2941823883
3335977630
1741061581
86935946
351227538
3081838757
2731921531
2183380830
3588657122
3222064199
3919274170
101703889
2748826761
2794666197
2762034444
2552126960
54494306
3045403378
2057712015
3177077365
1589915665
1655197933
4154947306
454291526
50332573
634834562
1067847109
3288428062
106626786
1132263004
1944046363
3227472344
665760919
1780529389
2329401169
24120083
2804039825
388644896
718106348
3471958423
1951952986
2667724158
2822527448
1068299029
1739653505
3531325228
325992534
1063369510
2395871035
2923227664
2533228628
3171773464
2661227710
1113111418
772562095
81951789
2939568589
496336268
2043133432
3359755469
2131407402
2815365951
3048308111
3324736685
2660947110
588089539
1087432861
2520284081
3175307237
1830563541
2918129724
1138202390
3591397826
3042294975
2606131220
1022818041
2688018010
155519022
3462618920
1705187127
840654394
260143359
3654846257
2887487708
3066134759
1744466145
3038857802
3395900889
840277800
36070601
863836674
2920015215
822564716
86428989
3635865663
924258308
729615206
803995679
2864467916
2882479068
2471777454
2810364897
3175334901
2884844057
1817417665
3006238299
3069132549
2070572597
2575131882
2032807777
95258694
684239560
748574767
871618839
860090352
3855205368
1059401255
2911514972
713288635
2012317220
3535810100
3004953011
3794003736
809271029
3308066216
2688727602
3531335285
3694926461
3091275021
3661071499
2541839722
3975104827
879489388
2298708721
3470402800
2586694993
2020065034
2993106207
357840960
3018073845
3390572364
2383178791
109955314
820175879
3354558382
2342145568
835673772
2849050345
2332103757
3024843657
192137722
1776897710
1101610269
83494427
3616355814
841241592
3542421504
1810288696
1102000075
415670368
2787764752
2001116468
3340458466
2000852875
870145127
2454077880
668316765
2113204727
1656606771
1076118483
2454123087
2443093864
2815171146
3039860834
820905563
2707517481
127117021
359468064
1064943395
2164379106
32419991
1645183930
1057514022
189222326
2234211793
3486125992
2362473827
4075373918
2949204580
1044494773
1701517128
151940621
2810815732
2973117272
13626568
1128495615
1942927048
2229700466
913270882
820705828
3200241607
165229494
3409867774
589589705
2080051531
3172467992
735580970
2677285942
1726691338
4149514728
2824867648
1069640918
20299761
2103628430
1807665825
3100473310
3370134647
852062782
463298408
3351523607
1786250686

3703144775
669690917
1663576894
2121300288
382094440
2860355795
2992847936
3948172470
812558069
3789925191
3515662378
2587461980
2937893006
178651883
47924763
1835775750
334835252
3027672037
1092619192
2906224268
379914729
377610321
1132474133
2567889942
2509430157
867868284
3351259288
1605591588
897596355
2705712761
3821680046
172023340

1062832571
2430931315
470168984
21507009
175592270
728775538
2215727453
1752535883
3706328387
1828928926
1677236254
3679505116
3190556646
905829810
109723052
2921282782
2170299730
2538549071
2051612614
2233100926
1084843617
2979348842
2317850934
1793736738
79189289
3059682940
2947668079
3366094245
925356785
2960104234
1224882
2944949554
3043550854
1656962076
1987669206
2864237139
1055942087
3423372923
2601369044
2579297152
647571712
1943594631
24157868
2655270182
2791564874
1826253758
112517542
3208450429
2994702352
2630117403
860537805
2549841410
123007204
690315933
2961442572
2857521347
748830334
1688729419
413996455
848425284
665229603
2455120832
88632641
3472980252
2829743909
27222065
201346599
2375432108
3373244258
3004380159
2815746080
3518545134
2548746050
654693862
2990312903
2119744277
550444932
3235093706
4076288134
3266240063
2071448012
899551769
2675706579
2675443483
3230910242
2776255584
3020986797
2675695851
2024039896
2775800470
781916294
2775898333
3796093500
644629026
2866487577
4392796190
99326452
1023624380
2455082004
3600313624
2090537093
2818900849
2697878620
3079059449
555485852
739848455
1086453907
2139295513
765872910
641112321
2847598528
2772211344
34224910
3691027323
613196381
3953382530
4048280419
2.20057E+12
2744775699
3986629444
2712653478
1665416882
1764340758
270156688
3334423524
2375333704
919398933
404946877
829780187
774028168
3781311081
398179986
2964431335
1830824035
3523510666
1650338405
2860618106
2118621128
3837501447
2.20071E+12
820521956
2077080843
4067902576
2519558506
3339231011
2187211102
3145940492
2134924398
1121513597
3560516541
559886585
1922568436
430481745
3812530246
636924452
678717069
2695847713
3801139591
4053823336
628423076
3338316998
26769863
3166941187
2786541918
2586229997
3026717531
270452633
648407619
2944665601
66039454
2134885115
209330886
187492969
3310255551
758509975
247708904
4040240696
2107555942
335830841
2275046294
765844183
1639468307
1809164329
1.09524E+12
258961457
369100148
66620574
1824288118
403135651
1092889017
664679194
117427468
66356052
3811160366
2678218380
2465309458
1089089216
921006547
2531814180
1986645710
1090475894
2919608828
915566255
1739418596
3114893706
1695454980
1710901907
3857284620
1659753143
44685029
1669365053
832978172
2848348715
340002737
722023025
1955176296
1049653664
3215434095
1798566157
2814126241
3371800538
1658366184
4048116602
445406692
680358911
2259702327
3836951697
358142134
1035135361
930158136
1990881781
3177573446
2379187467
1681318549
2961034728
601090207
4026111716
685858140
3365706570
1102173601
3165248174
938151644
514609713
3833914433
3583831498
837612450
193838396
2377485847
2929803916
1115154404
3200271173
1752535314
2711004620
23696716
809472686
2919610502
376734420
927951515
478829986
2856374041
199421444
3416531021
1048664331
3336125010
1678000664
3584494208
474380440
1999586658
2894934737
2933795388
1776339487
292452087
156130967
2774884244
2067489419
2259702050
673784654
908993454
1066154019
1646541216
1994255391
1911098847
744366168
2861237054
3309901382
899309654
2194952831
1109003398
2929126451
1977385247
1650581447
2660298395
2959469231
573408722
674051939
3387902283
397880996
1867840194
2027050726
1035093096
104271215
775921432
4053131395
2733955451
2075744101
3941342778
2214034455
1099458382
3957679258
3798061313
2188273927
728441111
2354746403
3428492191
3204020260
917848411
2648672188
2096513830
1600260834
2594933374
2334850669
32234056
3055992052
2891023973
3194256936
451059240
63738378
3064321018
246016839
418372858
162302569
807691208
2989413114
2842983772
830595403
410928591
920657733
2269731436
3441068844
4090054148
1113782019
2148216161
666800210
130482162
925772082
3585837180
845871947
3070499000
2743050209
2455164953
2170417943
2040320535
3283424679
3078513830
3049876883
3071850747
2143266616
2972810632
1860852603
40107894
468369193
667190208
1136208359
284907293
3242481082
2453303784
2349476345
2880567392
3512250803
710024898
1946822631
2923501562
2949385220
2822378894
2449231665
3081966193
2682768161
3404028323
200235739
509142617
669816508
1728912486
2326803077
843820396
1645898031
668243097
2260417584
4021726986
3048731605
1646929165
929814938
3213282418
2114975158
2076604629
72851836
98524435
2656969333
1047598317
2197280603
111697144
1743112933
2266559336
1079639985
2141249691
2455550168
860966476
2434694234
735603237
380309550
91584115
2904651960
321727251
137900358
716445647
2546680690
2969290733
475013804
2654261691
3482281662
1772871707
1047102745
741238314
2816536566
2994657086
2926146448
752949389
1750785437
3052874551
1980967387
741646937
800171285
3308849658
3193007490
685092642
475318292
38140233
2736085088
1625276795
3940807185
777007534
455947317