2937801716
1021824829
1138359447
2000303456
2613136061
3175224883
2973811875
2970158389
830381322
1106499828
842835536
678205461
3032354802
56321871
1958042236
256345687
3075183588
820180395
482766244
1964221321
2886130069
2001406722
35490975
85478046
1647005313
82707986
687478729
693319757
2545771583
810373898
2944217472
2544775745
1586068609
21858018
787557947
379563748
2838837459
755460882
2856452160
2519077740
460577576
280615580
279628378
2536125820
1900420042
1741317032
801743137
2215227456
2194888462
1853507967
196580791
1773410019
3192165854
12450913
1647005313
446644742
678205461
1582738861
1660463313
3389806142
668660859
2031232304
3217947313
2356415479
2965546536
799298645
2703897698
2901933154
2866388497
3351521449
1744845040
2442295786
1944383509
1070877094
111676913
3270153717
833828968
1840673515
1948883039
510540576
2533652172
2941009108
3255687349
2205869399
103480719
2923324141
1924104647
359930280
157063276
3038311116
1103671822
2645963489
2807757782
3246148248
1677958634
1654833374
105993661
384716976
2944163358
593127473
3318776284
2471867539
2872421343
2921050883
88250024
2581465497
421319919
1861514601
2586461689
2764824399
1756870586
2323150409
2921985875
2435493039
1797690357
408333576
878437551
1862638588
774323005
416518551
2235065888
3672289766
1844641191
678879144
2122007910
3348966679
1882333525
2641555395
1991775994
2549048024
843374021
2014845502
891842743
3036501653
1778445607
2902771901
2508869959
82090049
1054707943
1890797633
903180008
2275718867
716626727
2971562151
325013182
2914880357
389148156
1994256139
2848896787
126324529
2824676691
2905725144
685402393
3194043737
706466226
416937837
2942503765
1840730563
2294103729
697454970
1914575403
66848155
38587850
3312367359
1015301164
428806729
80911798
722954501
745557079
840864289
1114106200
2914289977
781094089
1946077719
11380727
2971313543
647948952
2952878361
2693937236
1052536777
2558485670
36874403
99859201
2387250178
3320020094
2941022280
1981373836
1045260453
1646699577
1055151026
665896450
1826626280
87171848
2689779491
2202689228
156254563
2042706321
3461058199
901850050
2910270213
799659865
777237619
1021902452
2349710981
2349710981
1060728427
1860218088
2177797785
799659865
3037129524
3079483047
3327431407
3063441326
3192165854
546516355
3461058199
70196499
1113452259
3009149701
2979118343
829830582
1900782743
453639672
2144377847
2825248812
723388361
58448717
1059647992
1961785369
3343358914
1832775536
1106210990
811803369
34661167
2771702865
68007420
2038885286
1081931662
899501385
164853990
2208077735
351210888
768839095
64485669
1732949096
1663322391
3012846890
71702425
1911976625
2770426088
3316165179
2120599727
1814453121
2239789643
2960569358
2086474899
3208761963
2022855040
2895676554
826989259
2374997161
2577243861
2577243861
200551285
2379977124
728087172
164853990
3000856506
2751477147
1910200671
3030343796
150975181
2950769503
666760192
2132091654
2404384394
1124019936
2094786775
1783239150
328600602
2833432443
1047006310
111814136
2780097286
1605214780
115209978
2895649282
872151275
377204274
3271841956
3360658771
2597609546
2971381945
3012932169
3310692824
3157195667
583516240
3107144874
3253699190
117005251
1090654794
3362475734
3345688311
2558782651
75214933
2885750734
336499304
2961238649
1865112433
56533717
197050880
3348330624
3934014685
64853820
77872752
3043943951
667241583
71493089
3032515018
252339290
1763574178
1601518818
2823532523
2695968827
2997147887
3040384393
3156539493
310339172
3204484773
2752419884
24917245
2928881251
549350188
2799934108
3230161521
872151275
1875075894
3081067928
3422428187
24569802
2333882135
303155318
909800419
2803665397
1098515307
865141112
642910327
2513747439
351149007
3300504342
2265891981
3086863131
2186130183
2106913812
3005116294
2199375542
3175735601
2770750539
2097450826
2232932865
2133673456
2265535449
1850800941
1595794924
2487210692
658404084
1675486846
708585606
2267760778
54495779
1991859605
821578994
1716736932
2050980808
696393854
783537643
3249765233
3195600422
822151855
2244284186
1670819903
49700047
3233192648
107507723
860403110
3005840263
2275599214
2567566400
3715391678
127108879
2220017933
3045473826
1978860527
3041948030
2270659025
3047639805
1698676202
3021735697
180185321
1114478402
3179413481
193099046
2397085045
703506185
2220375508
672938739
1614913007
2229826992
502516758
3047758966
1957904950
1872518286
906611705
2779974518
2643429698
2170155472
2935779604
2825738778
2859407692
2468115126
684076191
3676365259
2657117561
405180398
